 VARIABLES = "X", "U" 
 ZONE I=         500
   0.00000000000000000000000000000000000         0.00000000000000000000000000000000000      
   2.00400801603206412825651302605210419E-0003   0.00000000000000000000000000000000000      
   4.00801603206412825651302605210420838E-0003   0.00000000000000000000000000000000000      
   6.01202404809619238476953907815631219E-0003   0.00000000000000000000000000000000000      
   8.01603206412825651302605210420841675E-0003   0.00000000000000000000000000000000000      
   1.00200400801603206412825651302605213E-0002   0.00000000000000000000000000000000000      
   1.20240480961923847695390781563126259E-0002   0.00000000000000000000000000000000000      
   1.40280561122244488977955911823647304E-0002   0.00000000000000000000000000000000000      
   1.60320641282565130260521042084168335E-0002   0.00000000000000000000000000000000000      
   1.80360721442885771543086172344689381E-0002   0.00000000000000000000000000000000000      
   2.00400801603206412825651302605210426E-0002   0.00000000000000000000000000000000000      
   2.20440881763527054108216432865731472E-0002   0.00000000000000000000000000000000000      
   2.40480961923847695390781563126252518E-0002   0.00000000000000000000000000000000000      
   2.60521042084168336673346693386773563E-0002   0.00000000000000000000000000000000000      
   2.80561122244488977955911823647294609E-0002   0.00000000000000000000000000000000000      
   3.00601202404809619238476953907815655E-0002   0.00000000000000000000000000000000000      
   3.20641282565130260521042084168336670E-0002   0.00000000000000000000000000000000000      
   3.40681362725450901803607214428857686E-0002   0.00000000000000000000000000000000000      
   3.60721442885771543086172344689378701E-0002   0.00000000000000000000000000000000000      
   3.80761523046092184368737474949899717E-0002   0.00000000000000000000000000000000000      
   4.00801603206412825651302605210420732E-0002   0.00000000000000000000000000000000000      
   4.20841683366733466933867735470941748E-0002   0.00000000000000000000000000000000000      
   4.40881763527054108216432865731462763E-0002   0.00000000000000000000000000000000000      
   4.60921843687374749498997995991983779E-0002   0.00000000000000000000000000000000000      
   4.80961923847695390781563126252504794E-0002   0.00000000000000000000000000000000000      
   5.01002004008016032064128256513025810E-0002   0.00000000000000000000000000000000000      
   5.21042084168336673346693386773546826E-0002   0.00000000000000000000000000000000000      
   5.41082164328657314629258517034067841E-0002   0.00000000000000000000000000000000000      
   5.61122244488977955911823647294588857E-0002   0.00000000000000000000000000000000000      
   5.81162324649298597194388777555109872E-0002   0.00000000000000000000000000000000000      
   6.01202404809619238476953907815630888E-0002   0.00000000000000000000000000000000000      
   6.21242484969939879759519038076151903E-0002   0.00000000000000000000000000000000000      
   6.41282565130260521042084168336672979E-0002   0.00000000000000000000000000000000000      
   6.61322645290581162324649298597193995E-0002   0.00000000000000000000000000000000000      
   6.81362725450901803607214428857715010E-0002   0.00000000000000000000000000000000000      
   7.01402805611222444889779559118236026E-0002   0.00000000000000000000000000000000000      
   7.21442885771543086172344689378757041E-0002   0.00000000000000000000000000000000000      
   7.41482965931863727454909819639278057E-0002   0.00000000000000000000000000000000000      
   7.61523046092184368737474949899799072E-0002   0.00000000000000000000000000000000000      
   7.81563126252505010020040080160320088E-0002   0.00000000000000000000000000000000000      
   8.01603206412825651302605210420841103E-0002   0.00000000000000000000000000000000000      
   8.21643286573146292585170340681362119E-0002   0.00000000000000000000000000000000000      
   8.41683366733466933867735470941883135E-0002   0.00000000000000000000000000000000000      
   8.61723446893787575150300601202404150E-0002   0.00000000000000000000000000000000000      
   8.81763527054108216432865731462925166E-0002   0.00000000000000000000000000000000000      
   9.01803607214428857715430861723446181E-0002   0.00000000000000000000000000000000000      
   9.21843687374749498997995991983967197E-0002   0.00000000000000000000000000000000000      
   9.41883767535070140280561122244488212E-0002   0.00000000000000000000000000000000000      
   9.61923847695390781563126252505009228E-0002   0.00000000000000000000000000000000000      
   9.81963927855711422845691382765530243E-0002   0.00000000000000000000000000000000000      
  0.100200400801603206412825651302605126         0.00000000000000000000000000000000000      
  0.102204408817635270541082164328657227         0.00000000000000000000000000000000000      
  0.104208416833667334669338677354709329         0.00000000000000000000000000000000000      
  0.106212424849699398797595190380761431         0.00000000000000000000000000000000000      
  0.108216432865731462925851703406813532         0.00000000000000000000000000000000000      
  0.110220440881763527054108216432865634         0.00000000000000000000000000000000000      
  0.112224448897795591182364729458917735         0.00000000000000000000000000000000000      
  0.114228456913827655310621242484969837         0.00000000000000000000000000000000000      
  0.116232464929859719438877755511021938         0.00000000000000000000000000000000000      
  0.118236472945891783567134268537074040         0.00000000000000000000000000000000000      
  0.120240480961923847695390781563126141         0.00000000000000000000000000000000000      
  0.122244488977955911823647294589178243         0.00000000000000000000000000000000000      
  0.124248496993987975951903807615230345         0.00000000000000000000000000000000000      
  0.126252505010020040080160320641282446         0.00000000000000000000000000000000000      
  0.128256513026052104208416833667334548         0.00000000000000000000000000000000000      
  0.130260521042084168336673346693386649         0.00000000000000000000000000000000000      
  0.132264529058116232464929859719438751         0.00000000000000000000000000000000000      
  0.134268537074148296593186372745490852         0.00000000000000000000000000000000000      
  0.136272545090180360721442885771542954         0.00000000000000000000000000000000000      
  0.138276553106212424849699398797595055         0.00000000000000000000000000000000000      
  0.140280561122244488977955911823647157         0.00000000000000000000000000000000000      
  0.142284569138276553106212424849699259         0.00000000000000000000000000000000000      
  0.144288577154308617234468937875751360         0.00000000000000000000000000000000000      
  0.146292585170340681362725450901803462         0.00000000000000000000000000000000000      
  0.148296593186372745490981963927855563         0.00000000000000000000000000000000000      
  0.150300601202404809619238476953907665         0.00000000000000000000000000000000000      
  0.152304609218436873747494989979959766         0.00000000000000000000000000000000000      
  0.154308617234468937875751503006011868         0.00000000000000000000000000000000000      
  0.156312625250501002004008016032063969         0.00000000000000000000000000000000000      
  0.158316633266533066132264529058116071         0.00000000000000000000000000000000000      
  0.160320641282565130260521042084168173         0.00000000000000000000000000000000000      
  0.162324649298597194388777555110220274         0.00000000000000000000000000000000000      
  0.164328657314629258517034068136272376         0.00000000000000000000000000000000000      
  0.166332665330661322645290581162324477         0.00000000000000000000000000000000000      
  0.168336673346693386773547094188376579         0.00000000000000000000000000000000000      
  0.170340681362725450901803607214428680         0.00000000000000000000000000000000000      
  0.172344689378757515030060120240480782         0.00000000000000000000000000000000000      
  0.174348697394789579158316633266532883         0.00000000000000000000000000000000000      
  0.176352705410821643286573146292584985         0.00000000000000000000000000000000000      
  0.178356713426853707414829659318637087         0.00000000000000000000000000000000000      
  0.180360721442885771543086172344689188         0.00000000000000000000000000000000000      
  0.182364729458917835671342685370741290         0.00000000000000000000000000000000000      
  0.184368737474949899799599198396793391         0.00000000000000000000000000000000000      
  0.186372745490981963927855711422845493         0.00000000000000000000000000000000000      
  0.188376753507014028056112224448897594         0.00000000000000000000000000000000000      
  0.190380761523046092184368737474949696         0.00000000000000000000000000000000000      
  0.192384769539078156312625250501001797         0.00000000000000000000000000000000000      
  0.194388777555110220440881763527053899         0.00000000000000000000000000000000000      
  0.196392785571142284569138276553106001         0.00000000000000000000000000000000000      
  0.198396793587174348697394789579158102         0.00000000000000000000000000000000000      
  0.200400801603206412825651302605210204         0.00000000000000000000000000000000000      
  0.202404809619238476953907815631262305         0.00000000000000000000000000000000000      
  0.204408817635270541082164328657314407         0.00000000000000000000000000000000000      
  0.206412825651302605210420841683366508         0.00000000000000000000000000000000000      
  0.208416833667334669338677354709418610         0.00000000000000000000000000000000000      
  0.210420841683366733466933867735470711         0.00000000000000000000000000000000000      
  0.212424849699398797595190380761522813         0.00000000000000000000000000000000000      
  0.214428857715430861723446893787574915         0.00000000000000000000000000000000000      
  0.216432865731462925851703406813627016         0.00000000000000000000000000000000000      
  0.218436873747494989979959919839679118         0.00000000000000000000000000000000000      
  0.220440881763527054108216432865731219         0.00000000000000000000000000000000000      
  0.222444889779559118236472945891783321         0.00000000000000000000000000000000000      
  0.224448897795591182364729458917835422         0.00000000000000000000000000000000000      
  0.226452905811623246492985971943887524         0.00000000000000000000000000000000000      
  0.228456913827655310621242484969939625         0.00000000000000000000000000000000000      
  0.230460921843687374749498997995991727         0.00000000000000000000000000000000000      
  0.232464929859719438877755511022043829         0.00000000000000000000000000000000000      
  0.234468937875751503006012024048095930         0.00000000000000000000000000000000000      
  0.236472945891783567134268537074148032         0.00000000000000000000000000000000000      
  0.238476953907815631262525050100200133         0.00000000000000000000000000000000000      
  0.240480961923847695390781563126252235         0.00000000000000000000000000000000000      
  0.242484969939879759519038076152304336         0.00000000000000000000000000000000000      
  0.244488977955911823647294589178356438         0.00000000000000000000000000000000000      
  0.246492985971943887775551102204408539         0.00000000000000000000000000000000000      
  0.248496993987975951903807615230460641         0.00000000000000000000000000000000000      
  0.250501002004008016032064128256512767         0.00000000000000000000000000000000000      
  0.252505010020040080160320641282564892         0.00000000000000000000000000000000000      
  0.254509018036072144288577154308617018         0.00000000000000000000000000000000000      
  0.256513026052104208416833667334669143         0.00000000000000000000000000000000000      
  0.258517034068136272545090180360721269         0.00000000000000000000000000000000000      
  0.260521042084168336673346693386773395         0.00000000000000000000000000000000000      
  0.262525050100200400801603206412825520         0.00000000000000000000000000000000000      
  0.264529058116232464929859719438877646         0.00000000000000000000000000000000000      
  0.266533066132264529058116232464929772         0.00000000000000000000000000000000000      
  0.268537074148296593186372745490981897         0.00000000000000000000000000000000000      
  0.270541082164328657314629258517034023         0.00000000000000000000000000000000000      
  0.272545090180360721442885771543086149         0.00000000000000000000000000000000000      
  0.274549098196392785571142284569138274         0.00000000000000000000000000000000000      
  0.276553106212424849699398797595190400         0.00000000000000000000000000000000000      
  0.278557114228456913827655310621242525         0.00000000000000000000000000000000000      
  0.280561122244488977955911823647294651         0.00000000000000000000000000000000000      
  0.282565130260521042084168336673346777         0.00000000000000000000000000000000000      
  0.284569138276553106212424849699398902         0.00000000000000000000000000000000000      
  0.286573146292585170340681362725451028         0.00000000000000000000000000000000000      
  0.288577154308617234468937875751503154         0.00000000000000000000000000000000000      
  0.290581162324649298597194388777555279         0.00000000000000000000000000000000000      
  0.292585170340681362725450901803607405         0.00000000000000000000000000000000000      
  0.294589178356713426853707414829659530         0.00000000000000000000000000000000000      
  0.296593186372745490981963927855711656         0.00000000000000000000000000000000000      
  0.298597194388777555110220440881763782         0.00000000000000000000000000000000000      
  0.300601202404809619238476953907815907         1.00000000000000000000000000000000000      
  0.302605210420841683366733466933868033         1.00000000000000000000000000000000000      
  0.304609218436873747494989979959920159         1.00000000000000000000000000000000000      
  0.306613226452905811623246492985972284         1.00000000000000000000000000000000000      
  0.308617234468937875751503006012024410         1.00000000000000000000000000000000000      
  0.310621242484969939879759519038076535         1.00000000000000000000000000000000000      
  0.312625250501002004008016032064128661         1.00000000000000000000000000000000000      
  0.314629258517034068136272545090180787         1.00000000000000000000000000000000000      
  0.316633266533066132264529058116232912         1.00000000000000000000000000000000000      
  0.318637274549098196392785571142285038         1.00000000000000000000000000000000000      
  0.320641282565130260521042084168337164         1.00000000000000000000000000000000000      
  0.322645290581162324649298597194389289         1.00000000000000000000000000000000000      
  0.324649298597194388777555110220441415         1.00000000000000000000000000000000000      
  0.326653306613226452905811623246493540         1.00000000000000000000000000000000000      
  0.328657314629258517034068136272545666         1.00000000000000000000000000000000000      
  0.330661322645290581162324649298597792         1.00000000000000000000000000000000000      
  0.332665330661322645290581162324649917         1.00000000000000000000000000000000000      
  0.334669338677354709418837675350702043         1.00000000000000000000000000000000000      
  0.336673346693386773547094188376754169         1.00000000000000000000000000000000000      
  0.338677354709418837675350701402806294         1.00000000000000000000000000000000000      
  0.340681362725450901803607214428858420         1.00000000000000000000000000000000000      
  0.342685370741482965931863727454910546         1.00000000000000000000000000000000000      
  0.344689378757515030060120240480962671         1.00000000000000000000000000000000000      
  0.346693386773547094188376753507014797         1.00000000000000000000000000000000000      
  0.348697394789579158316633266533066922         1.00000000000000000000000000000000000      
  0.350701402805611222444889779559119048         1.00000000000000000000000000000000000      
  0.352705410821643286573146292585171174         1.00000000000000000000000000000000000      
  0.354709418837675350701402805611223299         1.00000000000000000000000000000000000      
  0.356713426853707414829659318637275425         1.00000000000000000000000000000000000      
  0.358717434869739478957915831663327551         1.00000000000000000000000000000000000      
  0.360721442885771543086172344689379676         1.00000000000000000000000000000000000      
  0.362725450901803607214428857715431802         1.00000000000000000000000000000000000      
  0.364729458917835671342685370741483927         1.00000000000000000000000000000000000      
  0.366733466933867735470941883767536053         1.00000000000000000000000000000000000      
  0.368737474949899799599198396793588179         1.00000000000000000000000000000000000      
  0.370741482965931863727454909819640304         1.00000000000000000000000000000000000      
  0.372745490981963927855711422845692430         1.00000000000000000000000000000000000      
  0.374749498997995991983967935871744556         1.00000000000000000000000000000000000      
  0.376753507014028056112224448897796681         1.00000000000000000000000000000000000      
  0.378757515030060120240480961923848807         1.00000000000000000000000000000000000      
  0.380761523046092184368737474949900932         1.00000000000000000000000000000000000      
  0.382765531062124248496993987975953058         1.00000000000000000000000000000000000      
  0.384769539078156312625250501002005184         1.00000000000000000000000000000000000      
  0.386773547094188376753507014028057309         1.00000000000000000000000000000000000      
  0.388777555110220440881763527054109435         1.00000000000000000000000000000000000      
  0.390781563126252505010020040080161561         1.00000000000000000000000000000000000      
  0.392785571142284569138276553106213686         1.00000000000000000000000000000000000      
  0.394789579158316633266533066132265812         1.00000000000000000000000000000000000      
  0.396793587174348697394789579158317938         1.00000000000000000000000000000000000      
  0.398797595190380761523046092184370063         1.00000000000000000000000000000000000      
  0.400801603206412825651302605210422189         1.00000000000000000000000000000000000      
  0.402805611222444889779559118236474314         1.00000000000000000000000000000000000      
  0.404809619238476953907815631262526440         1.00000000000000000000000000000000000      
  0.406813627254509018036072144288578566         1.00000000000000000000000000000000000      
  0.408817635270541082164328657314630691         1.00000000000000000000000000000000000      
  0.410821643286573146292585170340682817         1.00000000000000000000000000000000000      
  0.412825651302605210420841683366734943         1.00000000000000000000000000000000000      
  0.414829659318637274549098196392787068         1.00000000000000000000000000000000000      
  0.416833667334669338677354709418839194         1.00000000000000000000000000000000000      
  0.418837675350701402805611222444891319         1.00000000000000000000000000000000000      
  0.420841683366733466933867735470943445         1.00000000000000000000000000000000000      
  0.422845691382765531062124248496995571         1.00000000000000000000000000000000000      
  0.424849699398797595190380761523047696         1.00000000000000000000000000000000000      
  0.426853707414829659318637274549099822         1.00000000000000000000000000000000000      
  0.428857715430861723446893787575151948         1.00000000000000000000000000000000000      
  0.430861723446893787575150300601204073         1.00000000000000000000000000000000000      
  0.432865731462925851703406813627256199         1.00000000000000000000000000000000000      
  0.434869739478957915831663326653308324         1.00000000000000000000000000000000000      
  0.436873747494989979959919839679360450         1.00000000000000000000000000000000000      
  0.438877755511022044088176352705412576         1.00000000000000000000000000000000000      
  0.440881763527054108216432865731464701         1.00000000000000000000000000000000000      
  0.442885771543086172344689378757516827         1.00000000000000000000000000000000000      
  0.444889779559118236472945891783568953         1.00000000000000000000000000000000000      
  0.446893787575150300601202404809621078         1.00000000000000000000000000000000000      
  0.448897795591182364729458917835673204         1.00000000000000000000000000000000000      
  0.450901803607214428857715430861725329         1.00000000000000000000000000000000000      
  0.452905811623246492985971943887777455         1.00000000000000000000000000000000000      
  0.454909819639278557114228456913829581         1.00000000000000000000000000000000000      
  0.456913827655310621242484969939881706         1.00000000000000000000000000000000000      
  0.458917835671342685370741482965933832         1.00000000000000000000000000000000000      
  0.460921843687374749498997995991985958         1.00000000000000000000000000000000000      
  0.462925851703406813627254509018038083         1.00000000000000000000000000000000000      
  0.464929859719438877755511022044090209         1.00000000000000000000000000000000000      
  0.466933867735470941883767535070142335         1.00000000000000000000000000000000000      
  0.468937875751503006012024048096194460         1.00000000000000000000000000000000000      
  0.470941883767535070140280561122246586         1.00000000000000000000000000000000000      
  0.472945891783567134268537074148298711         1.00000000000000000000000000000000000      
  0.474949899799599198396793587174350837         1.00000000000000000000000000000000000      
  0.476953907815631262525050100200402963         1.00000000000000000000000000000000000      
  0.478957915831663326653306613226455088         1.00000000000000000000000000000000000      
  0.480961923847695390781563126252507214         1.00000000000000000000000000000000000      
  0.482965931863727454909819639278559340         1.00000000000000000000000000000000000      
  0.484969939879759519038076152304611465         1.00000000000000000000000000000000000      
  0.486973947895791583166332665330663591         1.00000000000000000000000000000000000      
  0.488977955911823647294589178356715716         1.00000000000000000000000000000000000      
  0.490981963927855711422845691382767842         1.00000000000000000000000000000000000      
  0.492985971943887775551102204408819968         1.00000000000000000000000000000000000      
  0.494989979959919839679358717434872093         1.00000000000000000000000000000000000      
  0.496993987975951903807615230460924219         1.00000000000000000000000000000000000      
  0.498997995991983967935871743486976345         1.00000000000000000000000000000000000      
  0.501002004008016032064128256513028422         1.00000000000000000000000000000000000      
  0.503006012024048096192384769539080548         1.00000000000000000000000000000000000      
  0.505010020040080160320641282565132673         1.00000000000000000000000000000000000      
  0.507014028056112224448897795591184799         1.00000000000000000000000000000000000      
  0.509018036072144288577154308617236925         1.00000000000000000000000000000000000      
  0.511022044088176352705410821643289050         1.00000000000000000000000000000000000      
  0.513026052104208416833667334669341176         1.00000000000000000000000000000000000      
  0.515030060120240480961923847695393301         1.00000000000000000000000000000000000      
  0.517034068136272545090180360721445427         1.00000000000000000000000000000000000      
  0.519038076152304609218436873747497553         1.00000000000000000000000000000000000      
  0.521042084168336673346693386773549678         1.00000000000000000000000000000000000      
  0.523046092184368737474949899799601804         1.00000000000000000000000000000000000      
  0.525050100200400801603206412825653930         1.00000000000000000000000000000000000      
  0.527054108216432865731462925851706055         1.00000000000000000000000000000000000      
  0.529058116232464929859719438877758181         1.00000000000000000000000000000000000      
  0.531062124248496993987975951903810307         1.00000000000000000000000000000000000      
  0.533066132264529058116232464929862432         1.00000000000000000000000000000000000      
  0.535070140280561122244488977955914558         1.00000000000000000000000000000000000      
  0.537074148296593186372745490981966683         1.00000000000000000000000000000000000      
  0.539078156312625250501002004008018809         1.00000000000000000000000000000000000      
  0.541082164328657314629258517034070935         1.00000000000000000000000000000000000      
  0.543086172344689378757515030060123060         1.00000000000000000000000000000000000      
  0.545090180360721442885771543086175186         1.00000000000000000000000000000000000      
  0.547094188376753507014028056112227312         1.00000000000000000000000000000000000      
  0.549098196392785571142284569138279437         1.00000000000000000000000000000000000      
  0.551102204408817635270541082164331563         1.00000000000000000000000000000000000      
  0.553106212424849699398797595190383688         1.00000000000000000000000000000000000      
  0.555110220440881763527054108216435814         1.00000000000000000000000000000000000      
  0.557114228456913827655310621242487940         1.00000000000000000000000000000000000      
  0.559118236472945891783567134268540065         1.00000000000000000000000000000000000      
  0.561122244488977955911823647294592191         1.00000000000000000000000000000000000      
  0.563126252505010020040080160320644317         1.00000000000000000000000000000000000      
  0.565130260521042084168336673346696442         1.00000000000000000000000000000000000      
  0.567134268537074148296593186372748568         1.00000000000000000000000000000000000      
  0.569138276553106212424849699398800693         1.00000000000000000000000000000000000      
  0.571142284569138276553106212424852819         1.00000000000000000000000000000000000      
  0.573146292585170340681362725450904945         1.00000000000000000000000000000000000      
  0.575150300601202404809619238476957070         1.00000000000000000000000000000000000      
  0.577154308617234468937875751503009196         1.00000000000000000000000000000000000      
  0.579158316633266533066132264529061322         1.00000000000000000000000000000000000      
  0.581162324649298597194388777555113447         1.00000000000000000000000000000000000      
  0.583166332665330661322645290581165573         1.00000000000000000000000000000000000      
  0.585170340681362725450901803607217699         1.00000000000000000000000000000000000      
  0.587174348697394789579158316633269824         1.00000000000000000000000000000000000      
  0.589178356713426853707414829659321950         1.00000000000000000000000000000000000      
  0.591182364729458917835671342685374075         1.00000000000000000000000000000000000      
  0.593186372745490981963927855711426201         1.00000000000000000000000000000000000      
  0.595190380761523046092184368737478327         1.00000000000000000000000000000000000      
  0.597194388777555110220440881763530452         1.00000000000000000000000000000000000      
  0.599198396793587174348697394789582578         1.00000000000000000000000000000000000      
  0.601202404809619238476953907815634704         1.00000000000000000000000000000000000      
  0.603206412825651302605210420841686829         1.00000000000000000000000000000000000      
  0.605210420841683366733466933867738955         1.00000000000000000000000000000000000      
  0.607214428857715430861723446893791080         1.00000000000000000000000000000000000      
  0.609218436873747494989979959919843206         1.00000000000000000000000000000000000      
  0.611222444889779559118236472945895332         1.00000000000000000000000000000000000      
  0.613226452905811623246492985971947457         1.00000000000000000000000000000000000      
  0.615230460921843687374749498997999583         1.00000000000000000000000000000000000      
  0.617234468937875751503006012024051709         1.00000000000000000000000000000000000      
  0.619238476953907815631262525050103834         1.00000000000000000000000000000000000      
  0.621242484969939879759519038076155960         1.00000000000000000000000000000000000      
  0.623246492985971943887775551102208085         1.00000000000000000000000000000000000      
  0.625250501002004008016032064128260211         1.00000000000000000000000000000000000      
  0.627254509018036072144288577154312337         1.00000000000000000000000000000000000      
  0.629258517034068136272545090180364462         1.00000000000000000000000000000000000      
  0.631262525050100200400801603206416588         1.00000000000000000000000000000000000      
  0.633266533066132264529058116232468714         1.00000000000000000000000000000000000      
  0.635270541082164328657314629258520839         1.00000000000000000000000000000000000      
  0.637274549098196392785571142284572965         1.00000000000000000000000000000000000      
  0.639278557114228456913827655310625090         1.00000000000000000000000000000000000      
  0.641282565130260521042084168336677216         1.00000000000000000000000000000000000      
  0.643286573146292585170340681362729342         1.00000000000000000000000000000000000      
  0.645290581162324649298597194388781467         1.00000000000000000000000000000000000      
  0.647294589178356713426853707414833593         1.00000000000000000000000000000000000      
  0.649298597194388777555110220440885719         1.00000000000000000000000000000000000      
  0.651302605210420841683366733466937844         1.00000000000000000000000000000000000      
  0.653306613226452905811623246492989970         1.00000000000000000000000000000000000      
  0.655310621242484969939879759519042096         1.00000000000000000000000000000000000      
  0.657314629258517034068136272545094221         1.00000000000000000000000000000000000      
  0.659318637274549098196392785571146347         1.00000000000000000000000000000000000      
  0.661322645290581162324649298597198472         1.00000000000000000000000000000000000      
  0.663326653306613226452905811623250598         1.00000000000000000000000000000000000      
  0.665330661322645290581162324649302724         1.00000000000000000000000000000000000      
  0.667334669338677354709418837675354849         1.00000000000000000000000000000000000      
  0.669338677354709418837675350701406975         1.00000000000000000000000000000000000      
  0.671342685370741482965931863727459101         1.00000000000000000000000000000000000      
  0.673346693386773547094188376753511226         1.00000000000000000000000000000000000      
  0.675350701402805611222444889779563352         1.00000000000000000000000000000000000      
  0.677354709418837675350701402805615477         1.00000000000000000000000000000000000      
  0.679358717434869739478957915831667603         1.00000000000000000000000000000000000      
  0.681362725450901803607214428857719729         1.00000000000000000000000000000000000      
  0.683366733466933867735470941883771854         1.00000000000000000000000000000000000      
  0.685370741482965931863727454909823980         1.00000000000000000000000000000000000      
  0.687374749498997995991983967935876106         1.00000000000000000000000000000000000      
  0.689378757515030060120240480961928231         1.00000000000000000000000000000000000      
  0.691382765531062124248496993987980357         1.00000000000000000000000000000000000      
  0.693386773547094188376753507014032482         1.00000000000000000000000000000000000      
  0.695390781563126252505010020040084608         1.00000000000000000000000000000000000      
  0.697394789579158316633266533066136734         1.00000000000000000000000000000000000      
  0.699398797595190380761523046092188859         1.00000000000000000000000000000000000      
  0.701402805611222444889779559118240985         0.00000000000000000000000000000000000      
  0.703406813627254509018036072144293111         0.00000000000000000000000000000000000      
  0.705410821643286573146292585170345236         0.00000000000000000000000000000000000      
  0.707414829659318637274549098196397362         0.00000000000000000000000000000000000      
  0.709418837675350701402805611222449488         0.00000000000000000000000000000000000      
  0.711422845691382765531062124248501613         0.00000000000000000000000000000000000      
  0.713426853707414829659318637274553739         0.00000000000000000000000000000000000      
  0.715430861723446893787575150300605864         0.00000000000000000000000000000000000      
  0.717434869739478957915831663326657990         0.00000000000000000000000000000000000      
  0.719438877755511022044088176352710116         0.00000000000000000000000000000000000      
  0.721442885771543086172344689378762241         0.00000000000000000000000000000000000      
  0.723446893787575150300601202404814367         0.00000000000000000000000000000000000      
  0.725450901803607214428857715430866493         0.00000000000000000000000000000000000      
  0.727454909819639278557114228456918618         0.00000000000000000000000000000000000      
  0.729458917835671342685370741482970744         0.00000000000000000000000000000000000      
  0.731462925851703406813627254509022869         0.00000000000000000000000000000000000      
  0.733466933867735470941883767535074995         0.00000000000000000000000000000000000      
  0.735470941883767535070140280561127121         0.00000000000000000000000000000000000      
  0.737474949899799599198396793587179246         0.00000000000000000000000000000000000      
  0.739478957915831663326653306613231372         0.00000000000000000000000000000000000      
  0.741482965931863727454909819639283498         0.00000000000000000000000000000000000      
  0.743486973947895791583166332665335623         0.00000000000000000000000000000000000      
  0.745490981963927855711422845691387749         0.00000000000000000000000000000000000      
  0.747494989979959919839679358717439874         0.00000000000000000000000000000000000      
  0.749498997995991983967935871743492000         0.00000000000000000000000000000000000      
  0.751503006012024048096192384769544126         0.00000000000000000000000000000000000      
  0.753507014028056112224448897795596251         0.00000000000000000000000000000000000      
  0.755511022044088176352705410821648377         0.00000000000000000000000000000000000      
  0.757515030060120240480961923847700503         0.00000000000000000000000000000000000      
  0.759519038076152304609218436873752628         0.00000000000000000000000000000000000      
  0.761523046092184368737474949899804754         0.00000000000000000000000000000000000      
  0.763527054108216432865731462925856879         0.00000000000000000000000000000000000      
  0.765531062124248496993987975951909005         0.00000000000000000000000000000000000      
  0.767535070140280561122244488977961131         0.00000000000000000000000000000000000      
  0.769539078156312625250501002004013256         0.00000000000000000000000000000000000      
  0.771543086172344689378757515030065382         0.00000000000000000000000000000000000      
  0.773547094188376753507014028056117508         0.00000000000000000000000000000000000      
  0.775551102204408817635270541082169633         0.00000000000000000000000000000000000      
  0.777555110220440881763527054108221759         0.00000000000000000000000000000000000      
  0.779559118236472945891783567134273885         0.00000000000000000000000000000000000      
  0.781563126252505010020040080160326010         0.00000000000000000000000000000000000      
  0.783567134268537074148296593186378136         0.00000000000000000000000000000000000      
  0.785571142284569138276553106212430261         0.00000000000000000000000000000000000      
  0.787575150300601202404809619238482387         0.00000000000000000000000000000000000      
  0.789579158316633266533066132264534513         0.00000000000000000000000000000000000      
  0.791583166332665330661322645290586638         0.00000000000000000000000000000000000      
  0.793587174348697394789579158316638764         0.00000000000000000000000000000000000      
  0.795591182364729458917835671342690890         0.00000000000000000000000000000000000      
  0.797595190380761523046092184368743015         0.00000000000000000000000000000000000      
  0.799599198396793587174348697394795141         0.00000000000000000000000000000000000      
  0.801603206412825651302605210420847266         0.00000000000000000000000000000000000      
  0.803607214428857715430861723446899392         0.00000000000000000000000000000000000      
  0.805611222444889779559118236472951518         0.00000000000000000000000000000000000      
  0.807615230460921843687374749499003643         0.00000000000000000000000000000000000      
  0.809619238476953907815631262525055769         0.00000000000000000000000000000000000      
  0.811623246492985971943887775551107895         0.00000000000000000000000000000000000      
  0.813627254509018036072144288577160020         0.00000000000000000000000000000000000      
  0.815631262525050100200400801603212146         0.00000000000000000000000000000000000      
  0.817635270541082164328657314629264271         0.00000000000000000000000000000000000      
  0.819639278557114228456913827655316397         0.00000000000000000000000000000000000      
  0.821643286573146292585170340681368523         0.00000000000000000000000000000000000      
  0.823647294589178356713426853707420648         0.00000000000000000000000000000000000      
  0.825651302605210420841683366733472774         0.00000000000000000000000000000000000      
  0.827655310621242484969939879759524900         0.00000000000000000000000000000000000      
  0.829659318637274549098196392785577025         0.00000000000000000000000000000000000      
  0.831663326653306613226452905811629151         0.00000000000000000000000000000000000      
  0.833667334669338677354709418837681277         0.00000000000000000000000000000000000      
  0.835671342685370741482965931863733402         0.00000000000000000000000000000000000      
  0.837675350701402805611222444889785528         0.00000000000000000000000000000000000      
  0.839679358717434869739478957915837653         0.00000000000000000000000000000000000      
  0.841683366733466933867735470941889779         0.00000000000000000000000000000000000      
  0.843687374749498997995991983967941905         0.00000000000000000000000000000000000      
  0.845691382765531062124248496993994030         0.00000000000000000000000000000000000      
  0.847695390781563126252505010020046156         0.00000000000000000000000000000000000      
  0.849699398797595190380761523046098282         0.00000000000000000000000000000000000      
  0.851703406813627254509018036072150407         0.00000000000000000000000000000000000      
  0.853707414829659318637274549098202533         0.00000000000000000000000000000000000      
  0.855711422845691382765531062124254658         0.00000000000000000000000000000000000      
  0.857715430861723446893787575150306784         0.00000000000000000000000000000000000      
  0.859719438877755511022044088176358910         0.00000000000000000000000000000000000      
  0.861723446893787575150300601202411035         0.00000000000000000000000000000000000      
  0.863727454909819639278557114228463161         0.00000000000000000000000000000000000      
  0.865731462925851703406813627254515287         0.00000000000000000000000000000000000      
  0.867735470941883767535070140280567412         0.00000000000000000000000000000000000      
  0.869739478957915831663326653306619538         0.00000000000000000000000000000000000      
  0.871743486973947895791583166332671663         0.00000000000000000000000000000000000      
  0.873747494989979959919839679358723789         0.00000000000000000000000000000000000      
  0.875751503006012024048096192384775915         0.00000000000000000000000000000000000      
  0.877755511022044088176352705410828040         0.00000000000000000000000000000000000      
  0.879759519038076152304609218436880166         0.00000000000000000000000000000000000      
  0.881763527054108216432865731462932292         0.00000000000000000000000000000000000      
  0.883767535070140280561122244488984417         0.00000000000000000000000000000000000      
  0.885771543086172344689378757515036543         0.00000000000000000000000000000000000      
  0.887775551102204408817635270541088668         0.00000000000000000000000000000000000      
  0.889779559118236472945891783567140794         0.00000000000000000000000000000000000      
  0.891783567134268537074148296593192920         0.00000000000000000000000000000000000      
  0.893787575150300601202404809619245045         0.00000000000000000000000000000000000      
  0.895791583166332665330661322645297171         0.00000000000000000000000000000000000      
  0.897795591182364729458917835671349297         0.00000000000000000000000000000000000      
  0.899799599198396793587174348697401422         0.00000000000000000000000000000000000      
  0.901803607214428857715430861723453548         0.00000000000000000000000000000000000      
  0.903807615230460921843687374749505674         0.00000000000000000000000000000000000      
  0.905811623246492985971943887775557799         0.00000000000000000000000000000000000      
  0.907815631262525050100200400801609925         0.00000000000000000000000000000000000      
  0.909819639278557114228456913827662050         0.00000000000000000000000000000000000      
  0.911823647294589178356713426853714176         0.00000000000000000000000000000000000      
  0.913827655310621242484969939879766302         0.00000000000000000000000000000000000      
  0.915831663326653306613226452905818427         0.00000000000000000000000000000000000      
  0.917835671342685370741482965931870553         0.00000000000000000000000000000000000      
  0.919839679358717434869739478957922679         0.00000000000000000000000000000000000      
  0.921843687374749498997995991983974804         0.00000000000000000000000000000000000      
  0.923847695390781563126252505010026930         0.00000000000000000000000000000000000      
  0.925851703406813627254509018036079055         0.00000000000000000000000000000000000      
  0.927855711422845691382765531062131181         0.00000000000000000000000000000000000      
  0.929859719438877755511022044088183307         0.00000000000000000000000000000000000      
  0.931863727454909819639278557114235432         0.00000000000000000000000000000000000      
  0.933867735470941883767535070140287558         0.00000000000000000000000000000000000      
  0.935871743486973947895791583166339684         0.00000000000000000000000000000000000      
  0.937875751503006012024048096192391809         0.00000000000000000000000000000000000      
  0.939879759519038076152304609218443935         0.00000000000000000000000000000000000      
  0.941883767535070140280561122244496060         0.00000000000000000000000000000000000      
  0.943887775551102204408817635270548186         0.00000000000000000000000000000000000      
  0.945891783567134268537074148296600312         0.00000000000000000000000000000000000      
  0.947895791583166332665330661322652437         0.00000000000000000000000000000000000      
  0.949899799599198396793587174348704563         0.00000000000000000000000000000000000      
  0.951903807615230460921843687374756689         0.00000000000000000000000000000000000      
  0.953907815631262525050100200400808814         0.00000000000000000000000000000000000      
  0.955911823647294589178356713426860940         0.00000000000000000000000000000000000      
  0.957915831663326653306613226452913066         0.00000000000000000000000000000000000      
  0.959919839679358717434869739478965191         0.00000000000000000000000000000000000      
  0.961923847695390781563126252505017317         0.00000000000000000000000000000000000      
  0.963927855711422845691382765531069442         0.00000000000000000000000000000000000      
  0.965931863727454909819639278557121568         0.00000000000000000000000000000000000      
  0.967935871743486973947895791583173694         0.00000000000000000000000000000000000      
  0.969939879759519038076152304609225819         0.00000000000000000000000000000000000      
  0.971943887775551102204408817635277945         0.00000000000000000000000000000000000      
  0.973947895791583166332665330661330071         0.00000000000000000000000000000000000      
  0.975951903807615230460921843687382196         0.00000000000000000000000000000000000      
  0.977955911823647294589178356713434322         0.00000000000000000000000000000000000      
  0.979959919839679358717434869739486447         0.00000000000000000000000000000000000      
  0.981963927855711422845691382765538573         0.00000000000000000000000000000000000      
  0.983967935871743486973947895791590699         0.00000000000000000000000000000000000      
  0.985971943887775551102204408817642824         0.00000000000000000000000000000000000      
  0.987975951903807615230460921843694950         0.00000000000000000000000000000000000      
  0.989979959919839679358717434869747076         0.00000000000000000000000000000000000      
  0.991983967935871743486973947895799201         0.00000000000000000000000000000000000      
  0.993987975951903807615230460921851327         0.00000000000000000000000000000000000      
  0.995991983967935871743486973947903452         0.00000000000000000000000000000000000      
  0.997995991983967935871743486973955578         0.00000000000000000000000000000000000      
   1.00000000000000000000000000000000770         0.00000000000000000000000000000000000      
